0	29687983838556445591426954040475593467779485308684788166476430717287081986256
1	55564089830649892661697700415788807435808379322961126394010067428515751138906
2	46700794604980731940781902333573243320123197669058820473392267349931425616517
3	5697385697696756707178667503457771214584244205962986146997669429182354158229
4	69111132469002413678279722129120439626073913890823380206685873904525510369439
5	56527054560046101285491258546932641550876870957858027717518648029095286647974
6	61820361590388713568822697499379279055559162988587371447431353224939010834896
7	68951487213311023765255432809017900816285822272603158203042784067136680478074
8	22993426554904156719978630905101117493046201122249789853032203576949392205933
9	21934447307101980371573522957079460253913070479965426863523205777597268394914
