0	42051501091409015014513178706692409616917415840048579426584428026621215988302
1	85327676492167464563755752125425066803357845111919780550378399240036959528343
2	6627928314448794235109249931416792230516714099409104245547731014947137615487
3	5015336101849698275174194826941797996062792410118452627456076677270828667088
4	2599832346849443833670657396403500380434050625393115431978512070324773855687
5	56601643473065360375022901887999164418442070520610565437558612915193005268632
6	31348779095233865057182460134231787586734691700991610327754993866208642600975
7	15692482481871718370776426119777364317606829286483620135987517604732126853063
8	85642065598522303873908426850532226420571593067133605932118932723556182875532
9	11538575634324566767750628902133918387979542384864115583401911596760217382851
