0	50411322815647692253477035527820495180881920521970166377648313218706451305818
1	54979402269633252845472425362703907090174132964789011262275998925967053128120
2	71556403026349504655760883521607040703635439696443989666970503816326903964837
3	57887435778507536947117377845364016014560183567834594891861391467865038571254
4	52128026300491240509187142721723187162701364199976171526847061422029009320706
5	20295937496660147850314109781928792260204318997073124485282427801712743237112
6	18913812541937641122694610330496760706608923769557513152988776033490250924052
7	109457854381316256644143433875481702807251897947196370533486211260461357694902
8	45878222857139707026970676453312315307128698674146739205467406270296826520340
9	44188309366000491223789245294542521151975457184928504905803986709521017285732
