0	76785272358215511861304849378861028860827701805226362932724645179173139462983
1	102923045317019676016997482102896555162541315779667667042924189434210380835692
2	52364966225816307528603121547252283539001814805091413855667893430470062268368
3	51385029209241434665929856900594127869500591760163909279479902749025865337748
4	12872857796961459246256255405699557190468243131982893097577095023186503996513
5	60547466669730103937392162279070819909982155742892198016308773928208872239799
6	45989371895509714695488199189261111483832710128882605473185404145442728693352
7	64801958407870822798221948846859167294253824729859796034190397546519311640520
8	62050789897830532804109531300127998689069128667061060538597449186936188039026
9	81920951874286981148223604607156330580967774521522768169897910774319590741117
